[
    61863,
    24522,
    12982783,
    16151403,
    5415590,
    39014392,
    16794168,
    117,
    814320,
    2371024,
    -5811,
    285,
    5527830,
    5875,
    32406450,
    44073,
    134,
    162381,
    15934795,
    1611,
    26821828,
    15063358,
    7380614,
    20600743,
    28878891,
    14531567,
    -165768,
    124,
    12098891,
    -43382,
    4470752,
    22592857,
    3155,
    21381146,
    2266,
    22231476,
    11709123,
    -2804,
    -2811227,
    -263928,
    54075,
    213808,
    261880,
    26129047,
    -87118,
    7488913,
    15755400,
    18063912,
    18050,
    293227,
    947526,
    3733191,
    8592278,
    161,
    -127798,
    903534,
    13040892,
    39592,
    9499556,
    20657890,
    804030,
    62033,
    21294402,
    3334,
    794321,
    2636161,
    258611,
    3006706,
    23611230,
    12402512,
    312,
    3137118,
    828153,
    2570715,
    11392914,
    30504569,
    2433,
    2166511,
    13866977,
    137,
    29455619,
    1129237,
    22750315,
    6954958,
    9395410,
    159160,
    4008116,
    3208159,
    23414209,
    2083461,
    21750325,
    19879015,
    8738641,
    23726,
    29221620,
    210,
    2558,
    146353,
    1081972,
    13207983,
    3245,
    286690,
    135,
    522827,
    878164,
    745770,
    13275660,
    1829657,
    15487293,
    3419,
    6550,
    25728757,
    24067829,
    3669000,
    3762219,
    15428787,
    16373287,
    12498372,
    -89,
    45,
    16587959,
    299427,
    18007304,
    16679705,
    18665701,
    5987649,
    32739089,
    13898589,
    21181203,
    31412370,
    33026607,
    1171211,
    53,
    16731903,
    21128839,
    17038226,
    20878227,
    3897052,
    14363342,
    1982209,
    6712792,
    14862122,
    4103830,
    2203824,
    20465773,
    263,
    1590291,
    6590497,
    15049064,
    64754,
    -21842,
    31937659,
    9558636,
    23647946,
    14149628,
    278,
    29718,
    398034,
    989,
    24155249,
    30345117,
    92469,
    41562792,
    -1277463,
    8477,
    591336,
    4785242,
    4822370,
    33985909,
    11839470,
    294,
    15081,
    24524076,
    8774009,
    28276252,
    31225681,
    3335639,
    770625,
    5683214,
    1896019,
    -577,
    1303440,
    539,
    26362,
    16621163,
    17282456,
    8095,
    33146220,
    34711233,
    21855751,
    13591240,
    13897,
    42254833,
    1524501,
    5384892,
    9827623,
    11978523,
    11191228,
    86,
    13426521
]
